346 234 490 484 412 368 593 196 850 227 984 214 879 391 947 207 196 562 876 823 870 51 181 305 255 233 634 607 412 925 297 405 246 913 920 364 6 216 453 522 668 487 246 850 565 149 453 170 899 791 
748 781 83 277 186 296 53 186 229 179 734 986 784 924 929 580 967 966 471 583 201 980 110 354 155 383 804 331 740 107 780 464 707 620 177 516 322 968 728 624 312 820 986 274 788 682 702 321 920 985 
181 487 699 316 590 768 671 728 122 802 491 722 445 123 399 270 279 165 748 414 258 999 239 846 272 381 993 835 565 473 681 484 410 755 926 293 765 391 30 409 844 593 846 926 134 590 375 863 874 519 
403 537 573 507 727 182 249 853 45 210 774 836 164 649 121 8 312 690 197 106 504 887 136 339 570 665 153 313 712 682 7 131 960 47 70 144 910 903 28 744 45 912 346 820 634 8 430 198 805 127 
278 684 667 769 15 516 401 234 936 63 29 936 141 363 203 644 875 117 579 976 97 409 663 452 62 592 541 316 704 562 235 954 507 586 404 323 463 192 32 554 742 677 966 964 715 109 772 983 617 990 
133 313 618 828 30 868 21 215 707 423 974 86 529 374 827 74 429 554 958 880 181 683 85 26 234 420 442 698 736 953 819 558 698 714 430 921 337 678 556 536 302 248 485 608 580 657 148 593 137 641 
679 218 25 737 809 449 229 592 595 610 426 323 478 754 603 416 387 814 944 906 737 751 998 423 578 933 199 477 446 577 272 849 561 96 274 602 534 961 905 980 693 744 84 946 110 978 769 730 6 164 
271 333 648 231 904 928 220 601 160 876 250 752 147 19 338 577 761 383 480 2 882 426 909 963 213 992 667 52 314 599 164 468 472 282 306 939 202 331 191 346 383 932 802 30 731 941 598 66 608 532 
218 387 251 4 282 844 423 684 18 911 261 168 288 560 712 781 281 865 712 398 376 431 192 134 618 949 624 880 233 272 395 602 444 781 382 776 218 468 999 461 516 517 313 279 86 215 644 242 317 949 
661 732 353 210 157 786 195 117 385 332 221 543 452 746 517 658 724 507 178 936 564 812 865 251 882 858 119 912 49 404 305 382 563 284 610 662 249 234 624 596 582 101 83 667 241 972 66 566 762 427 
491 138 65 381 385 848 867 103 328 298 668 282 68 981 27 839 980 168 136 854 409 491 882 582 354 463 730 198 11 909 793 552 151 622 912 168 317 183 898 761 795 147 905 326 927 300 33 101 640 401 
992 897 430 907 19 1 256 483 27 922 119 669 93 419 505 116 132 446 69 859 522 797 269 375 60 262 585 556 654 55 430 630 557 609 916 895 123 244 603 912 911 834 157 976 643 126 55 487 821 812 
169 587 32 781 879 195 628 56 847 756 415 699 828 971 492 488 113 484 502 609 993 888 842 157 948 687 641 293 731 934 208 99 735 841 886 843 598 776 729 721 267 67 396 847 497 213 6 185 485 156 
14 571 984 213 819 281 744 875 833 192 554 336 325 913 548 317 963 987 86 648 890 336 754 780 342 926 492 995 659 735 682 457 808 576 920 637 114 523 23 605 100 723 943 538 168 931 742 482 300 181 
249 19 99 836 265 678 816 204 870 892 788 749 217 98 510 97 528 749 993 910 204 441 964 481 549 167 393 216 613 411 185 10 695 478 486 663 358 971 311 243 820 909 652 131 816 351 507 845 29 71 
403 992 489 389 976 808 55 618 288 98 286 600 591 459 707 778 54 738 611 846 738 557 438 750 90 294 788 834 664 198 660 547 188 542 9 193 521 306 502 678 609 740 684 213 957 221 319 193 424 39 
298 769 234 182 332 846 554 738 299 683 20 221 954 91 438 738 412 50 451 515 258 747 237 933 238 998 873 226 793 869 975 595 410 625 900 891 313 7 210 162 638 782 8 818 658 389 786 593 775 219 
808 269 741 909 780 550 532 301 944 334 973 329 945 429 707 424 810 329 191 546 426 406 839 290 876 475 740 418 275 848 213 280 450 574 62 706 853 501 845 350 359 12 63 876 189 310 836 578 112 235 
579 457 403 230 793 402 430 452 33 305 810 115 26 96 122 694 878 371 368 1 570 309 484 840 187 414 344 963 102 567 638 162 306 41 270 755 876 221 781 660 277 402 469 540 539 245 985 966 754 495 
431 466 211 112 664 270 973 563 43 379 59 466 351 466 667 648 809 985 825 366 818 657 590 707 724 169 840 944 302 942 429 377 209 606 136 173 951 195 376 999 782 314 179 403 601 810 51 4 873 890 
435 1 142 389 676 774 875 503 388 495 430 30 261 101 950 682 257 744 330 494 697 614 609 825 584 504 479 187 106 913 119 836 72 411 507 429 235 820 930 362 298 449 807 881 570 753 53 79 453 919 
553 307 674 379 194 820 391 316 805 173 296 689 397 474 377 593 958 849 593 522 447 437 814 967 197 248 807 728 256 830 452 400 734 186 360 812 163 692 218 687 38 919 15 757 67 608 52 333 504 976 
795 203 486 931 473 116 492 706 183 945 14 662 60 974 720 895 954 211 115 565 430 266 632 906 484 527 423 57 901 588 196 475 224 280 36 249 914 803 713 244 320 457 509 272 673 375 859 40 38 172 
654 841 218 939 546 529 571 579 447 946 693 435 805 595 749 539 439 780 938 472 980 152 498 871 245 973 757 360 233 109 667 383 20 729 933 355 257 285 733 507 678 335 356 766 550 885 651 913 522 135 
936 80 101 565 191 502 343 347 694 572 771 211 347 339 279 310 415 76 661 395 282 155 47 431 793 645 796 731 321 360 322 844 838 98 173 588 282 454 538 432 12 909 590 162 736 468 988 18 487 241 
470 576 252 128 852 782 33 669 771 545 705 611 26 334 251 927 372 249 166 691 28 961 537 230 383 373 564 885 695 326 657 779 245 81 890 746 592 710 246 391 555 612 682 993 726 401 883 256 911 809 
96 739 851 796 213 508 39 23 745 480 218 148 974 446 888 926 367 945 444 504 335 662 4 775 136 415 279 544 503 982 489 309 974 886 231 917 928 448 868 382 708 570 965 765 173 407 638 237 105 800 
34 938 812 407 474 434 735 76 660 797 230 494 520 763 990 909 174 89 215 970 998 919 78 62 796 765 696 239 602 729 777 42 440 702 948 551 496 567 412 797 183 852 787 71 153 214 51 203 774 264 
234 550 22 135 802 115 860 751 611 708 737 497 474 931 21 188 55 817 814 440 413 606 676 418 788 146 132 7 909 582 715 494 464 338 495 227 20 305 900 834 690 745 956 703 61 685 378 856 51 964 
160 233 389 335 850 627 874 604 346 656 982 854 842 29 993 244 34 136 437 793 169 749 916 979 749 668 650 972 358 104 767 276 956 944 423 482 105 130 488 867 353 416 959 244 852 836 902 927 710 817 
651 243 420 257 796 411 317 410 585 182 977 901 246 243 889 707 897 897 606 511 139 904 648 569 440 752 790 673 128 913 766 722 263 541 452 525 855 699 149 13 166 695 544 306 890 451 170 716 355 145 
938 6 322 199 678 747 594 851 817 44 620 643 282 672 416 255 639 705 791 364 851 199 748 594 346 443 360 343 678 988 582 74 318 982 974 760 401 64 862 704 930 5 882 105 392 522 413 871 889 636 
812 464 924 990 293 740 257 728 853 236 388 252 173 828 461 547 326 300 698 656 853 575 843 88 433 846 317 643 202 823 30 488 453 43 177 118 150 327 689 234 504 673 211 626 317 679 832 54 644 845 
197 114 174 234 782 237 621 837 558 447 423 613 526 30 207 899 798 131 652 344 397 998 611 464 152 181 365 217 771 754 15 263 999 357 627 916 315 220 260 939 497 313 769 243 811 890 147 181 420 417 
880 702 402 300 448 198 503 709 82 601 872 405 66 803 432 161 613 169 403 290 584 579 870 712 846 85 230 368 653 262 34 184 796 354 874 313 860 699 909 429 414 605 139 659 67 92 247 966 810 651 
277 978 777 131 832 302 831 689 453 363 968 135 57 820 567 689 608 712 928 120 300 914 260 974 876 979 441 211 646 755 838 263 557 3 984 56 406 666 521 573 481 171 246 546 460 279 548 318 92 378 
484 535 38 691 351 363 718 803 254 853 860 621 44 698 525 706 577 55 835 512 283 942 191 356 638 129 668 713 515 597 431 123 120 268 271 304 225 866 651 622 337 603 413 668 712 860 128 547 22 754 
702 494 483 580 95 542 344 682 54 223 695 5 289 656 422 738 501 775 428 221 481 711 404 213 175 680 529 523 643 777 2 121 692 760 895 937 639 539 173 729 959 543 812 429 927 333 314 756 247 974 
359 352 120 800 273 991 91 270 406 415 13 821 40 276 222 574 313 528 761 484 99 961 602 698 262 938 898 974 286 841 366 773 276 669 419 649 1 891 488 904 847 370 134 758 717 139 504 537 208 353 
20 786 994 762 875 397 749 422 539 335 93 116 983 564 50 239 545 370 857 572 574 421 41 857 636 729 828 844 981 123 435 361 767 933 821 579 778 514 794 22 900 579 352 153 811 732 386 570 708 478 
593 134 680 635 779 599 746 138 126 146 569 905 441 416 900 732 348 51 742 471 460 32 576 835 672 995 69 887 47 904 344 258 137 503 530 301 681 133 155 223 833 641 388 648 452 994 138 936 253 79 
385 335 828 237 18 562 557 844 963 783 530 858 92 222 802 311 768 937 886 599 52 216 896 519 638 819 643 927 384 677 857 133 635 967 519 9 430 899 485 968 743 836 169 371 693 974 549 166 845 141 
227 201 51 653 28 170 438 309 599 199 918 630 461 287 926 397 224 125 702 794 881 869 452 917 855 216 47 526 826 663 271 477 83 243 450 657 83 981 939 350 570 122 300 287 51 114 375 881 444 296 
751 425 464 52 260 357 748 133 797 812 123 912 483 936 927 441 547 219 836 270 315 242 185 353 224 760 570 166 867 742 840 166 82 530 912 845 14 31 982 94 908 949 184 127 228 658 638 364 359 609 
566 156 46 175 980 509 240 111 828 500 787 583 266 56 971 957 830 952 24 83 427 517 236 743 361 365 58 59 126 566 122 206 806 258 176 685 120 907 549 403 606 902 202 483 306 325 684 129 155 271 
827 686 340 277 183 49 919 302 813 616 452 182 985 263 378 581 777 9 880 287 837 923 403 621 477 524 316 753 437 37 681 929 903 854 738 436 866 529 75 127 765 818 94 933 951 424 917 939 105 724 
548 675 248 867 433 903 283 719 800 658 733 167 865 777 935 523 278 131 524 942 715 248 933 754 522 20 830 469 670 53 607 377 649 712 488 6 681 36 421 835 153 148 729 417 393 599 952 316 998 429 
146 786 415 163 10 301 742 494 346 414 74 813 50 747 52 357 518 153 290 929 841 243 709 689 789 568 518 517 361 923 67 514 471 241 906 821 961 487 703 188 263 187 690 8 761 339 98 981 366 37 
81 800 27 69 587 903 77 726 373 441 782 226 134 423 348 560 343 808 841 230 395 32 449 102 666 654 553 702 927 451 470 536 151 324 842 266 487 402 654 4 744 236 114 262 405 38 54 268 659 202 
996 290 141 136 641 50 351 925 402 932 350 374 798 921 971 246 75 809 580 82 73 940 155 837 485 160 917 188 696 629 601 286 44 726 455 181 396 16 683 792 915 562 999 721 653 371 438 193 291 160 
